5
1 4
5 2
4 3
2 5
4 1
10
4 10
2 9
9 7
1 1
8 4
10 4
3 10
6 1
5 1
3 7
20
4 7
13 19
7 6
5 15
11 8
6 4
9 6
20 11
9 9
6 18
3 1
9 2
14 4
2 10
4 6
6 19
5 10
10 11
17 17
6 3
40
20 14
20 11
36 8
20 21
18 2
21 26
35 35
22 8
24 37
33 22
8 9
3 37
19 30
22 16
18 27
10 38
32 29
8 27
37 19
40 14
20 20
31 14
14 12
21 30
1 6
3 8
14 37
36 33
26 9
40 36
36 9
25 19
29 24
38 25
30 22
16 21
28 22
24 40
3 24
5 37
100
223 299
233 858
563 51
307 114
886 214
914 870
424 182
253 461
407 687
97 948
309 905
840 608
198 256
47 520
191 604
828 414
254 60
623 816
462 929
281 347
494 194
568 918
375 173
378 133
859 827
433 519
83 272
126 280
527 525
151 70
128 978
483 381
389 105
548 851
386 828
549 879
373 469
796 747
641 526
232 851
704 664
370 786
935 847
417 814
371 567
235 850
896 717
230 284
173 129
486 910
308 35
789 680
855 936
427 495
461 658
345 164
673 66
949 607
265 365
772 635
283 6
837 530
74 66
166 599
547 651
508 854
37 648
534 891
584 312
737 44
321 434
560 993
499 860
951 763
577 75
750 211
80 586
741 506
3 906
104 901
556 963
755 945
611 640
835 194
951 924
589 623
357 500
615 855
360 917
970 288
991 71
498 423
656 238
928 10
143 383
911 51
697 17
995 307
656 181
852 606
100
104 793
228 460
292 194
667 3
110 636
290 101
706 788
875 713
25 802
74 520
536 984
570 232
1000 564
891 655
96 94
612 200
886 191
11 530
736 677
532 846
664 174
298 721
313 172
433 337
325 859
208 212
842 777
443 194
692 685
200 788
779 164
987 16
706 997
545 442
674 429
639 689
954 288
410 266
811 194
954 135
52 162
698 246
938 140
439 630
177 990
417 955
153 755
970 211
751 867
652 776
295 642
465 600
929 226
865 739
419 818
225 471
979 922
68 269
413 506
898 589
847 666
895 352
420 865
562 522
83 565
298 729
206 114
328 134
339 192
224 109
361 448
579 692
721 998
960 133
855 209
74 702
874 968
53 645
184 966
166 618
530 815
346 735
928 673
868 618
216 91
727 577
890 657
268 610
655 579
94 509
787 519
562 12
839 966
8 374
931 525
992 460
340 337
546 619
362 765
237 577
100
207 315
153 96
323 772
57 977
702 503
838 488
21 399
851 211
365 210
585 647
735 576
459 74
264 4
44 625
769 632
202 975
946 706
423 269
830 479
597 531
333 786
371 706
185 573
916 901
783 852
547 517
427 357
942 43
361 985
667 481
617 220
807 914
926 229
534 107
60 131
637 392
268 359
449 452
932 365
704 714
216 603
582 995
959 875
37 671
859 55
151 827
275 310
741 552
538 626
658 949
756 646
693 24
5 141
827 288
505 883
353 73
485 286
67 443
160 455
114 18
509 616
197 135
925 289
38 815
914 47
763 22
693 455
397 49
948 223
688 804
105 40
876 941
325 294
384 484
100 849
853 961
816 49
95 741
337 133
555 603
179 669
624 223
476 20
623 423
594 310
226 51
701 454
991 25
99 726
860 199
926 65
159 742
465 253
482 802
737 388
404 268
56 379
842 883
398 465
305 991
100
126 883
41 179
688 32
203 786
109 415
984 35
479 142
776 295
747 609
448 483
996 203
102 403
581 944
286 978
760 942
969 237
176 361
415 863
744 970
1 853
384 984
887 214
126 14
508 224
622 956
706 969
158 160
723 739
103 8
68 214
302 388
450 829
749 865
692 844
834 44
48 569
27 286
134 504
299 993
727 272
300 785
240 458
944 963
548 398
322 967
611 975
355 412
804 455
628 847
650 813
890 698
381 916
983 866
772 634
859 850
905 158
634 497
967 929
459 866
326 132
833 288
107 539
700 910
345 679
108 994
492 997
43 872
264 26
90 387
11 948
237 915
457 870
763 776
151 573
641 828
705 825
116 163
715 167
424 411
845 531
757 688
879 799
912 142
176 1
881 186
300 117
453 756
338 215
883 488
788 876
316 844
52 783
6 767
301 429
177 497
959 933
185 837
84 96
330 259
96 210
100
797 395
678 249
502 16
815 385
855 954
260 522
797 311
656 802
429 956
230 958
453 540
242 637
728 325
732 410
936 179
971 732
573 649
332 426
16 498
810 870
452 421
744 600
84 399
402 512
707 983
821 159
875 63
147 602
739 878
363 674
408 334
757 980
982 440
757 997
938 567
218 741
339 313
340 774
64 93
638 770
428 458
928 302
872 74
255 611
303 618
636 710
951 745
41 284
184 797
632 473
715 201
565 406
514 257
179 577
349 816
346 776
274 625
429 145
50 684
107 352
653 743
413 955
839 805
238 22
601 869
847 668
69 763
73 934
19 603
510 368
419 207
495 44
831 276
540 880
311 999
583 963
741 347
917 579
151 506
952 104
726 150
771 794
913 195
80 931
797 941
650 567
148 145
610 978
420 502
210 730
500 144
44 592
491 312
522 641
817 825
744 542
975 866
687 239
60 766
169 209
100
707 819
775 206
315 737
535 86
590 744
167 441
240 562
32 730
873 553
370 41
729 466
582 703
683 620
941 95
738 462
303 796
632 429
1 298
517 535
383 458
631 901
898 870
462 929
599 686
833 320
726 562
137 659
616 820
278 909
266 15
722 568
162 353
348 162
650 217
697 384
674 679
284 924
548 97
852 498
782 37
169 859
950 306
517 917
477 146
177 742
513 898
661 674
250 360
836 251
576 884
634 602
562 269
525 461
717 728
958 850
116 126
708 65
783 576
334 259
722 510
352 234
408 12
259 9
724 94
260 299
329 893
252 242
514 128
702 230
208 11
80 323
489 787
740 271
715 73
882 436
582 585
21 341
597 279
350 320
725 609
970 53
853 574
647 366
701 700
596 260
711 27
583 551
165 674
173 879
746 54
314 679
639 686
20 587
965 721
258 41
329 227
445 181
152 91
899 205
791 846
