5
2 2
5 4
4 4
4 1
3 5
10
9 2
10 9
4 5
5 3
6 4
9 5
8 7
9 4
7 5
2 8
20
11 15
6 17
6 8
17 12
15 14
11 14
7 12
14 11
16 10
15 3
5 16
12 16
15 20
2 6
18 12
12 15
8 10
2 4
1 17
10 3
40
22 16
34 35
18 9
16 25
31 40
40 40
31 11
27 18
31 28
23 28
20 7
22 39
36 16
23 36
4 4
18 25
19 3
11 37
11 26
21 33
25 12
32 7
22 18
24 4
38 39
23 9
5 5
7 40
12 21
27 7
24 36
23 35
38 33
23 8
10 35
32 26
6 16
32 27
25 16
23 22
100
574 965
270 170
561 69
369 652
129 947
738 73
182 592
27 539
736 9
18 345
435 961
722 400
576 386
218 681
33 880
62 606
845 684
127 405
752 847
409 880
793 498
304 974
90 682
864 825
42 233
522 476
193 243
875 769
980 445
801 12
324 862
969 168
897 95
925 648
941 333
880 733
830 535
58 271
217 273
96 610
505 617
86 50
211 312
170 191
756 970
202 432
183 523
599 432
617 875
79 558
207 310
642 389
845 700
659 61
324 106
22 181
74 459
230 285
771 751
827 878
72 380
309 254
902 260
685 519
134 116
428 693
425 69
81 621
120 91
681 444
197 55
624 270
513 205
906 283
955 732
513 26
112 821
631 365
432 668
883 566
135 310
258 559
731 690
180 850
780 212
645 328
266 620
598 131
824 503
765 130
587 277
507 50
450 490
414 881
157 649
798 291
310 407
201 40
96 732
242 228
100
944 886
555 561
858 504
43 33
7 808
163 945
84 21
994 533
510 407
766 666
55 563
308 717
970 509
756 417
240 349
644 535
587 551
448 444
54 842
476 412
649 990
356 733
11 701
617 520
460 734
538 866
649 845
582 970
705 690
386 297
38 382
183 624
284 982
67 337
824 895
101 472
884 808
556 894
509 525
766 968
258 303
833 258
499 767
227 204
456 965
852 493
346 34
469 981
368 535
317 191
781 769
14 665
577 570
910 85
446 675
404 703
329 588
961 180
354 539
383 809
503 586
654 200
971 122
180 338
8 849
880 789
617 894
805 193
815 66
629 260
741 32
962 421
972 274
600 325
813 334
486 667
919 139
867 242
612 398
931 619
246 811
759 863
704 915
407 870
981 388
129 73
419 442
493 742
68 445
67 232
778 904
898 49
394 764
642 5
162 572
975 759
382 86
973 437
1000 380
306 980
100
767 434
52 537
228 897
279 295
341 697
526 470
952 423
870 345
539 511
701 52
83 675
810 816
112 783
253 112
514 558
443 280
344 495
168 923
743 798
217 435
846 742
904 797
516 126
141 406
636 193
457 70
220 619
886 331
401 138
442 266
47 885
545 742
731 64
664 825
862 880
259 707
973 514
856 841
639 348
246 275
541 703
344 760
673 229
90 73
718 884
338 765
120 234
858 202
649 522
26 862
753 636
921 726
149 776
566 788
123 163
414 663
865 757
774 537
338 864
961 55
99 650
171 570
235 29
771 236
902 148
97 654
783 17
379 931
792 296
718 267
459 131
929 675
240 55
564 929
270 876
335 368
878 506
937 464
886 59
699 787
206 796
440 988
164 171
270 956
818 340
574 628
822 502
303 61
908 218
341 177
93 676
544 322
181 832
786 418
890 484
556 447
631 347
434 795
517 56
102 687
100
395 675
314 216
528 968
629 436
185 969
612 630
644 156
951 176
339 88
593 229
572 148
27 554
847 813
348 715
868 449
401 262
123 67
829 651
34 809
438 571
778 49
552 773
556 854
949 895
294 893
475 865
393 501
770 239
313 118
953 180
918 706
793 41
772 974
43 157
782 480
79 559
528 982
684 436
836 632
330 129
876 804
345 268
656 114
858 969
583 811
500 501
516 293
893 639
266 287
795 399
766 874
310 645
855 993
80 42
624 761
522 499
916 218
119 572
684 976
540 266
138 39
118 653
683 10
291 300
296 438
699 413
663 8
410 869
1000 841
263 975
954 784
825 869
354 943
440 37
271 979
654 408
370 772
413 52
133 55
704 781
492 754
545 506
761 306
375 112
147 637
438 452
772 262
320 125
557 760
513 179
90 167
586 459
290 350
863 774
757 918
906 600
671 451
106 783
756 480
894 254
100
468 683
705 239
944 377
364 852
136 228
30 577
746 968
36 35
669 250
161 425
167 66
25 189
868 130
971 976
961 216
581 428
898 638
666 193
14 381
397 501
609 426
77 354
745 464
741 414
65 901
838 231
318 214
771 186
343 741
513 303
308 93
82 205
730 748
750 743
128 146
595 736
923 672
90 668
135 830
433 200
82 622
782 399
836 905
936 530
645 448
185 953
893 266
509 622
13 258
717 493
755 311
228 678
334 669
697 821
850 129
372 931
102 505
682 937
409 969
819 54
417 3
358 661
268 218
282 633
476 350
477 582
13 56
259 346
725 307
166 926
435 537
857 889
42 890
177 450
858 995
855 626
997 564
286 617
782 920
601 609
269 77
190 633
132 801
979 208
107 496
134 894
385 342
782 426
231 958
227 440
953 434
66 301
997 351
917 778
622 869
386 891
945 928
523 429
728 853
988 834
100
349 473
727 733
814 508
510 396
466 88
836 770
521 253
70 870
955 339
999 577
207 737
819 504
664 693
932 391
546 271
576 246
744 303
978 909
810 839
305 627
926 492
396 799
96 818
20 50
156 18
626 362
754 796
865 417
489 148
159 34
419 735
279 514
389 608
422 550
798 78
177 75
921 924
225 16
741 244
418 896
262 395
610 367
191 474
136 679
974 294
64 744
380 694
257 768
653 30
318 450
460 846
876 380
121 101
748 862
344 517
109 957
911 718
324 453
544 459
483 517
104 898
612 484
591 220
251 595
249 920
44 60
117 272
792 238
372 539
99 67
407 207
24 669
277 699
122 820
157 604
688 260
854 299
95 444
870 698
39 470
617 434
530 734
705 321
971 428
211 421
495 617
979 870
285 255
568 758
426 76
714 465
687 567
763 782
10 632
479 400
454 447
186 983
532 242
303 854
670 865
