1 5 4
20
2 5 4
20 17
5 4 7
1 2 4 8 16
4 8 100
3 22 20 14
6 4 100
1 4 2 16 8 30
6 4 100
1 4 2 16 8 30
10 51 100
97 5 72 36 66 74 90 13 83 62
100 4 1000
623 183 576 689 507 98 930 425 442 630 263 58 660 929 637 539 532 996 62 34 544 966 906 32 83 131 421 847 813 534 450 787 69 378 827 575 475 108 352 916 738 614 326 749 894 314 287 777 661 700 811 205 665 716 588 100 198 8 946 10 894 748 148 962 125 975 536 951 434 887 867 171 501 544 271 746 857 558 523 517 257 333 73 274 400 660 373 597 20 670 958 913 417 457 226 541 783 113 492 217
